1 0.926625 5.881036e-02 4.135362e-01 4.542787e-01
2 2.7893 4.015274e-02 5.984287e-01 2.150720e+00
3 2.04187 3.238408e-02 4.508275e-01 1.558657e+00
4 1.67708 2.648658e-02 3.661607e-01 1.284433e+00
5 1.41653 2.631002e-02 3.209897e-01 1.069235e+00
6 1.24998 2.575994e-02 2.920477e-01 9.321705e-01
7 1.10095 2.637024e-02 2.702233e-01 8.043592e-01
8 0.98499 2.512981e-02 2.586914e-01 7.011683e-01
9 0.910502 2.534904e-02 2.463480e-01 6.388050e-01
10 0.814397 2.687969e-02 2.341675e-01 5.533495e-01
11 0.772668 2.610404e-02 2.328787e-01 5.136854e-01
12 0.731423 2.415543e-02 2.335885e-01 4.736789e-01
13 0.701448 2.623427e-02 2.325982e-01 4.426153e-01
14 0.667099 2.624479e-02 2.303285e-01 4.105259e-01
15 0.649961 2.679949e-02 2.374803e-01 3.856810e-01
16 0.618561 2.559999e-02 2.314518e-01 3.615095e-01
17 0.611097 2.725520e-02 2.438871e-01 3.399548e-01
18 0.59147 2.482348e-02 2.448385e-01 3.218078e-01
19 0.585792 2.695152e-02 2.546449e-01 3.041954e-01
20 0.565301 2.507755e-02 2.482792e-01 2.919441e-01
