1 0.923806 5.864896e-02 4.140081e-01 4.511490e-01
2 2.80679 4.007690e-02 5.976016e-01 2.169114e+00
3 2.04201 3.102589e-02 4.348169e-01 1.576170e+00
4 1.59324 2.718639e-02 3.385029e-01 1.227551e+00
5 1.28228 2.573670e-02 2.932427e-01 9.632990e-01
6 1.12788 2.458558e-02 2.835604e-01 8.197388e-01
7 0.99825 2.430110e-02 2.808848e-01 6.930636e-01
8 0.911985 2.407532e-02 2.771720e-01 6.107375e-01
9 0.851111 2.445547e-02 2.800324e-01 5.466236e-01
10 0.796662 2.558127e-02 2.773838e-01 4.936970e-01
11 0.73742 2.615824e-02 2.583262e-01 4.529359e-01
12 0.754137 2.736370e-02 2.545925e-01 4.721808e-01
13 0.755744 4.759792e-02 2.543897e-01 4.537560e-01
14 0.703532 3.488716e-02 2.424051e-01 4.262399e-01
15 0.679983 2.662516e-02 2.551065e-01 3.982511e-01
16 0.659594 2.652823e-02 2.512616e-01 3.818039e-01
17 0.623527 2.638825e-02 2.481318e-01 3.490070e-01
18 0.604277 2.603525e-02 2.486990e-01 3.295426e-01
19 0.585461 2.517965e-02 2.537853e-01 3.064963e-01
20 0.569119 2.524265e-02 2.524505e-01 2.914262e-01
