1 0.926252 5.806140e-02 4.139026e-01 4.542884e-01
2 0.809433 3.000710e-02 3.619369e-01 4.174890e-01
3 0.64991 2.282590e-02 2.894896e-01 3.375949e-01
4 0.518761 2.048350e-02 2.291634e-01 2.691137e-01
5 0.439452 1.942330e-02 1.972606e-01 2.227683e-01
6 0.422518 1.896810e-02 1.859027e-01 2.176474e-01
7 0.426123 1.906200e-02 1.922902e-01 2.147709e-01
8 0.41738 1.969220e-02 1.897259e-01 2.079616e-01
9 0.419329 2.017800e-02 1.898463e-01 2.093048e-01
10 0.416106 2.108140e-02 1.880730e-01 2.069515e-01
11 0.322243 1.565620e-02 1.551973e-01 1.513897e-01
12 0.315146 1.360530e-02 1.482703e-01 1.532702e-01
13 0.328811 1.328430e-02 1.571434e-01 1.583837e-01
14 0.302548 1.290480e-02 1.460508e-01 1.435923e-01
15 0.322673 1.281070e-02 1.551773e-01 1.546845e-01
16 0.289698 1.168690e-02 1.430379e-01 1.349729e-01
17 0.288402 1.339550e-02 1.397470e-01 1.352593e-01
18 0.288182 1.079430e-02 1.449833e-01 1.324045e-01
19 0.277961 9.971600e-03 1.392291e-01 1.287606e-01
20 0.273978 9.703900e-03 1.383919e-01 1.258826e-01
