1 0.934797 5.942200e-02 4.172130e-01 4.581620e-01
2 0.547343 3.008220e-02 2.440691e-01 2.731915e-01
3 0.61204 2.224830e-02 2.765270e-01 3.132651e-01
4 0.500577 1.585300e-02 2.254219e-01 2.593019e-01
5 0.485969 1.399150e-02 2.254111e-01 2.465663e-01
6 0.442582 1.185480e-02 2.061538e-01 2.245734e-01
7 0.406284 1.196100e-02 1.956659e-01 1.986569e-01
8 0.415835 1.285660e-02 1.992213e-01 2.037570e-01
9 0.360263 1.122170e-02 1.743777e-01 1.746636e-01
10 0.370344 1.221460e-02 1.823762e-01 1.757531e-01
11 0.330332 1.062880e-02 1.630756e-01 1.566271e-01
12 0.323175 9.805700e-03 1.634193e-01 1.499496e-01
13 0.319134 1.034580e-02 1.613040e-01 1.474844e-01
14 0.305868 9.855900e-03 1.566330e-01 1.393791e-01
15 0.299447 1.030110e-02 1.521260e-01 1.370201e-01
16 0.311336 1.105490e-02 1.539246e-01 1.463563e-01
17 0.295492 9.964800e-03 1.530212e-01 1.325059e-01
18 0.274334 9.991200e-03 1.353507e-01 1.289925e-01
19 0.281153 1.023140e-02 1.409477e-01 1.299739e-01
20 0.273588 9.724600e-03 1.369164e-01 1.269466e-01
