1 0.868412 5.878406e-02 3.712590e-01 4.383694e-01
2 3.28181 4.020387e-02 5.734141e-01 2.668188e+00
3 2.37958 3.228473e-02 4.289964e-01 1.918298e+00
4 1.95072 2.630444e-02 3.517221e-01 1.572691e+00
5 1.64657 2.547505e-02 3.126851e-01 1.308407e+00
6 1.39244 2.571139e-02 2.882007e-01 1.078524e+00
7 1.26073 2.554190e-02 2.657194e-01 9.694681e-01
8 1.12277 2.526276e-02 2.500449e-01 8.474670e-01
9 1.03324 2.617667e-02 2.498045e-01 7.572631e-01
10 0.935184 2.509242e-02 2.313084e-01 6.787829e-01
11 0.868475 2.721585e-02 2.314311e-01 6.098280e-01
12 0.806862 2.460476e-02 2.251170e-01 5.571403e-01
13 0.768076 2.536269e-02 2.259737e-01 5.167401e-01
14 0.751029 2.687601e-02 2.276527e-01 4.965003e-01
15 0.721809 2.562234e-02 2.324490e-01 4.637377e-01
16 0.692249 2.530068e-02 2.305012e-01 4.364468e-01
17 0.659351 2.515806e-02 2.315513e-01 4.026418e-01
18 0.633915 2.630463e-02 2.338589e-01 3.737512e-01
19 0.633568 2.605249e-02 2.595254e-01 3.479898e-01
20 0.614051 2.602139e-02 2.472936e-01 3.407360e-01
