1 0.877204 5.905401e-02 3.764190e-01 4.417310e-01
2 3.30967 4.022213e-02 5.722461e-01 2.697198e+00
3 2.39618 3.139619e-02 4.289108e-01 1.935874e+00
4 1.84754 2.687770e-02 3.357266e-01 1.484937e+00
5 1.50345 2.492825e-02 2.829719e-01 1.195550e+00
6 1.25573 2.457534e-02 2.673791e-01 9.637765e-01
7 1.14124 2.395422e-02 2.675633e-01 8.497259e-01
8 1.04309 2.382136e-02 2.655928e-01 7.536769e-01
9 0.953522 2.449264e-02 2.655076e-01 6.635216e-01
10 0.884585 2.403229e-02 2.661273e-01 5.944253e-01
11 0.81656 2.730388e-02 2.443265e-01 5.449297e-01
12 0.832703 2.839319e-02 2.438629e-01 5.604473e-01
13 0.817862 2.689576e-02 2.462673e-01 5.446992e-01
14 0.789234 2.704612e-02 2.448777e-01 5.173101e-01
15 0.750415 2.703391e-02 2.417165e-01 4.816646e-01
16 0.717583 3.505201e-02 2.403696e-01 4.421615e-01
17 0.677067 2.605126e-02 2.450743e-01 4.059419e-01
18 0.640181 2.720687e-02 2.459163e-01 3.670574e-01
19 0.656523 2.616516e-02 2.709401e-01 3.594177e-01
20 0.609222 2.503907e-02 2.452363e-01 3.389469e-01
