1 0.869025 5.943000e-02 3.741919e-01 4.354032e-01
2 0.523666 3.186900e-02 2.269575e-01 2.648395e-01
3 0.586699 2.077740e-02 2.630718e-01 3.028500e-01
4 0.482456 1.629510e-02 2.164356e-01 2.497254e-01
5 0.482755 1.390130e-02 2.198298e-01 2.490238e-01
6 0.433208 1.187180e-02 2.019285e-01 2.194074e-01
7 0.397009 1.187340e-02 1.884691e-01 1.966666e-01
8 0.3748 1.044330e-02 1.787494e-01 1.856073e-01
9 0.351434 1.091960e-02 1.701738e-01 1.703406e-01
10 0.331643 9.981900e-03 1.623207e-01 1.593404e-01
11 0.319789 1.053480e-02 1.574459e-01 1.518086e-01
12 0.306407 9.910200e-03 1.555428e-01 1.409540e-01
13 0.302291 1.046600e-02 1.508313e-01 1.409936e-01
14 0.296119 9.858100e-03 1.503368e-01 1.359244e-01
15 0.28945 1.004940e-02 1.461720e-01 1.332287e-01
16 0.284508 9.800300e-03 1.414453e-01 1.332623e-01
17 0.2772 1.016710e-02 1.383873e-01 1.286454e-01
18 0.260246 9.868200e-03 1.244398e-01 1.259379e-01
19 0.267751 1.016350e-02 1.326526e-01 1.249348e-01
20 0.255782 1.025860e-02 1.228716e-01 1.226518e-01
