1 0.877552 5.858240e-02 3.734747e-01 4.454952e-01
2 0.78091 3.031720e-02 3.448589e-01 4.057343e-01
3 0.638242 2.288430e-02 2.857642e-01 3.295934e-01
4 0.514322 2.052760e-02 2.280558e-01 2.657389e-01
5 0.435363 1.949670e-02 1.956550e-01 2.202113e-01
6 0.417443 1.887220e-02 1.873698e-01 2.112005e-01
7 0.416588 1.874740e-02 1.883587e-01 2.094815e-01
8 0.410046 1.874780e-02 1.876961e-01 2.036020e-01
9 0.41383 1.967960e-02 1.881669e-01 2.059840e-01
10 0.410031 1.919900e-02 1.874173e-01 2.034147e-01
11 0.527258 2.837620e-02 2.256697e-01 2.732120e-01
12 0.501977 1.869870e-02 2.380764e-01 2.452023e-01
13 0.393111 1.832850e-02 1.849413e-01 1.898408e-01
14 0.307883 1.451150e-02 1.424124e-01 1.509593e-01
15 0.315756 1.667530e-02 1.460821e-01 1.529982e-01
16 0.334943 1.224180e-02 1.680676e-01 1.546337e-01
17 0.335141 1.848650e-02 1.556664e-01 1.609885e-01
18 0.274335 1.110190e-02 1.333208e-01 1.299123e-01
19 0.262658 1.064810e-02 1.266639e-01 1.253461e-01
20 0.256582 1.062070e-02 1.222385e-01 1.237224e-01
