1 27.2429 4.096482e-01 1.127204e+01 1.556126e+01
2 16.6216 2.073068e-01 7.696995e+00 8.717336e+00
3 11.2104 1.491878e-01 5.007201e+00 6.054038e+00
4 8.69273 1.114428e-01 3.987465e+00 4.593821e+00
5 7.00041 9.153920e-02 3.206560e+00 3.702315e+00
6 5.85751 7.728860e-02 2.753207e+00 3.027015e+00
7 5.16796 6.739840e-02 2.399090e+00 2.701470e+00
8 4.47328 6.188620e-02 2.093959e+00 2.317438e+00
9 4.23247 5.526200e-02 1.976091e+00 2.201115e+00
10 3.70895 4.915780e-02 1.728872e+00 1.930920e+00
11 3.52411 4.565860e-02 1.637868e+00 1.840580e+00
12 3.27487 4.296940e-02 1.518852e+00 1.713045e+00
