1 18.1538 4.005315e-01 6.105049e+00 1.164823e+01
2 20.4259 2.678885e-01 4.964944e+00 1.519306e+01
3 20.7774 2.000908e-01 3.325943e+00 1.725136e+01
4 10.2251 1.637284e-01 2.578342e+00 7.483004e+00
5 8.19379 1.518372e-01 2.162753e+00 5.879203e+00
6 10.8977 1.422717e-01 1.941430e+00 8.813958e+00
7 9.36273 1.481046e-01 1.862790e+00 7.351837e+00
8 9.03785 1.448793e-01 1.818769e+00 7.074197e+00
9 7.69594 1.399575e-01 1.752171e+00 5.803812e+00
10 7.48111 1.513877e-01 1.814450e+00 5.515272e+00
11 7.17065 1.460187e-01 1.785701e+00 5.238931e+00
12 7.62158 1.927831e-01 2.011998e+00 5.416800e+00
