1 31.3038 4.499454e-01 1.646954e+01 1.438428e+01
2 16.3696 2.572750e-01 8.546303e+00 7.565976e+00
3 11.1 1.685644e-01 5.773568e+00 5.157869e+00
4 9.50293 1.328130e-01 4.804672e+00 4.565441e+00
5 6.93975 1.196120e-01 3.677156e+00 3.142982e+00
6 5.83268 8.935380e-02 2.980917e+00 2.762405e+00
7 5.04851 8.166640e-02 2.546570e+00 2.420271e+00
8 4.53091 7.025660e-02 2.261388e+00 2.199263e+00
9 4.08661 6.326760e-02 2.042263e+00 1.981081e+00
10 3.85515 5.756420e-02 1.903150e+00 1.894434e+00
11 3.46659 5.455700e-02 1.757745e+00 1.654291e+00
12 3.25269 5.149000e-02 1.641416e+00 1.559786e+00
