1 27.9944 4.067604e-01 1.125853e+01 1.632910e+01
2 14.3491 2.077646e-01 5.911830e+00 8.229505e+00
3 9.94052 1.477792e-01 4.151498e+00 5.641247e+00
4 7.88343 1.163214e-01 3.298645e+00 4.468459e+00
5 6.59097 9.708660e-02 2.800501e+00 3.693381e+00
6 5.60644 8.365260e-02 2.475986e+00 3.046802e+00
7 5.18202 7.660920e-02 2.365724e+00 2.739691e+00
8 4.92263 7.379160e-02 2.273533e+00 2.575307e+00
9 4.78915 7.017960e-02 2.209904e+00 2.509064e+00
10 4.69518 6.885160e-02 2.162404e+00 2.463922e+00
11 4.64886 6.826640e-02 2.139191e+00 2.441401e+00
12 4.54076 6.842260e-02 2.102912e+00 2.369428e+00
