1 3.918086e-01 7.633877e+00 2.310715e+01
1 3.916606e-01 7.624826e+00 2.414786e+01
1 3.901688e-01 7.615227e+00 2.414798e+01
1 3.835774e-01 7.529352e+00 4.150551e+01
1 3.855661e-01 7.562957e+00 4.184827e+01
2 2.850013e-01 1.293389e+01 3.117590e+01
2 2.804097e-01 7.944993e+00 1.904692e+01
2 2.824680e-01 7.928132e+00 2.034596e+01
2 2.836098e-01 1.440855e+01 2.896278e+01
2 2.822719e-01 7.960259e+00 2.671379e+01
3 3.003540e-01 5.036294e+00 2.226415e+01
3 2.990581e-01 5.143424e+00 1.375815e+01
3 3.002796e-01 7.092575e+00 1.464525e+01
3 3.045178e-01 4.994493e+00 2.317549e+01
3 2.995667e-01 5.002517e+00 2.175245e+01
4 2.860461e-01 4.093085e+00 1.679779e+01
4 2.934938e-01 4.143238e+00 1.686588e+01
4 2.892379e-01 4.100061e+00 1.693328e+01
4 2.917666e-01 4.118119e+00 1.643121e+01
4 2.933804e-01 4.088394e+00 1.696415e+01
5 2.705414e-01 3.445017e+00 1.750662e+01
5 2.721142e-01 3.457671e+00 1.655823e+01
5 2.711232e-01 3.448037e+00 1.417179e+01
5 2.756654e-01 3.378460e+00 1.102655e+01
5 2.777165e-01 3.416514e+00 1.886378e+01
6 3.158968e-01 3.739347e+00 1.023767e+01
6 3.142629e-01 3.737067e+00 1.317882e+01
6 3.161331e-01 3.730129e+00 1.390802e+01
6 3.071969e-01 3.677133e+00 1.687259e+01
6 3.294675e-01 3.732337e+00 1.124856e+01
7 2.873300e-01 3.337820e+00 9.682000e+00
7 2.859205e-01 3.338347e+00 1.340781e+01
7 2.763770e-01 3.269283e+00 1.278587e+01
7 2.848274e-01 3.331675e+00 9.636702e+00
7 2.850382e-01 3.325897e+00 1.062946e+01
8 3.134329e-01 3.770963e+00 8.635792e+00
8 3.047670e-01 3.684161e+00 8.795884e+00
8 3.125763e-01 3.764813e+00 1.303680e+01
8 2.993342e-01 3.623716e+00 8.702041e+00
8 3.037466e-01 3.661157e+00 1.119863e+01
