1 3.619392e-01 6.216726e+00 4.784458e+01
1 3.514760e-01 9.000245e+00 5.036340e+01
1 3.368324e-01 9.519218e+00 5.088604e+01
1 3.589522e-01 7.203403e+00 2.678906e+01
1 3.555774e-01 8.105691e+00 2.635642e+01
2 3.183622e-01 6.438187e+00 2.914891e+01
2 3.196028e-01 6.433150e+00 1.858519e+01
2 3.238598e-01 6.510857e+00 3.500455e+01
2 3.160132e-01 6.459148e+00 1.850975e+01
2 3.135462e-01 6.504419e+00 3.498497e+01
3 3.733478e-01 5.330531e+00 1.969206e+01
3 1.914844e-01 4.502696e+00 1.930788e+01
3 1.894078e-01 4.468145e+00 2.058817e+01
3 3.703752e-01 5.203205e+00 2.357976e+01
3 1.935510e-01 4.452853e+00 2.059618e+01
4 2.614718e-01 4.092632e+00 1.792544e+01
4 2.619390e-01 4.096115e+00 1.812974e+01
4 2.631794e-01 4.087894e+00 1.806675e+01
4 2.614946e-01 4.083316e+00 1.799479e+01
4 2.602840e-01 4.076449e+00 1.810907e+01
5 2.026972e-01 3.327024e+00 1.240693e+01
5 2.035404e-01 3.342896e+00 1.138052e+01
5 2.027260e-01 3.327740e+00 1.439251e+01
5 2.059810e-01 3.358777e+00 1.204280e+01
5 2.030782e-01 3.324261e+00 1.456264e+01
6 1.602838e-01 2.826956e+00 1.192853e+01
6 1.601632e-01 2.810657e+00 1.043491e+01
6 1.595336e-01 2.850805e+00 1.219597e+01
6 1.599584e-01 2.846775e+00 1.212449e+01
6 1.591046e-01 2.822103e+00 1.203650e+01
7 2.133918e-01 3.067103e+00 1.062608e+01
7 2.136456e-01 3.071021e+00 1.045208e+01
7 2.127784e-01 3.067383e+00 1.056541e+01
7 2.129536e-01 3.072447e+00 1.061850e+01
7 2.127032e-01 3.070948e+00 8.965082e+00
8 2.522802e-01 3.378970e+00 9.242437e+00
8 2.509114e-01 3.307835e+00 9.330065e+00
8 2.514708e-01 3.305200e+00 9.328947e+00
8 2.513278e-01 3.309138e+00 9.327666e+00
8 2.513584e-01 3.306883e+00 9.320793e+00
