1 18.6865 4.055866e-01 6.166518e+00 1.211439e+01
2 17.1267 2.559256e-01 4.586697e+00 1.228411e+01
3 11.6985 1.829942e-01 3.230094e+00 8.285432e+00
4 15.7947 1.539404e-01 2.544495e+00 1.309626e+01
5 14.1502 1.405208e-01 2.112368e+00 1.189733e+01
6 11.8515 1.332670e-01 1.872132e+00 9.846053e+00
7 10.3964 1.296054e-01 1.724580e+00 8.542248e+00
8 9.18308 1.274932e-01 1.628516e+00 7.427069e+00
9 9.27749 1.680940e-01 2.456681e+00 6.652713e+00
10 7.63497 1.239220e-01 1.500899e+00 6.010144e+00
11 7.03695 1.239462e-01 1.477663e+00 5.435345e+00
12 6.72637 1.238694e-01 1.454337e+00 5.148165e+00
