1 26.4597 4.198314e-01 1.239855e+01 1.364136e+01
2 16.0646 2.585410e-01 6.922273e+00 8.883791e+00
3 10.7368 1.731848e-01 4.703132e+00 5.860462e+00
4 8.14609 1.360720e-01 3.651743e+00 4.358271e+00
5 6.5867 1.132494e-01 2.948358e+00 3.525095e+00
6 5.67773 9.769980e-02 2.487988e+00 3.092045e+00
7 5.03887 9.092760e-02 2.208415e+00 2.739523e+00
8 4.33164 8.610460e-02 1.955980e+00 2.289552e+00
9 4.25124 7.472900e-02 1.861051e+00 2.315460e+00
10 3.9658 7.867600e-02 1.711469e+00 2.175653e+00
11 3.63027 7.143660e-02 1.566337e+00 1.992492e+00
12 3.39279 7.050500e-02 1.449603e+00 1.872683e+00
