1 18.7063 4.745806e-01 6.147453e+00 1.208428e+01
2 9.31968 2.538792e-01 3.068558e+00 5.997241e+00
3 6.43516 1.847334e-01 2.136920e+00 4.113510e+00
4 7.55207 2.658666e-01 2.517731e+00 4.768471e+00
5 6.18264 2.256660e-01 2.066637e+00 3.890342e+00
6 5.30635 2.032780e-01 1.803053e+00 3.300023e+00
7 4.75234 1.913694e-01 1.651776e+00 2.909191e+00
8 4.30748 1.833532e-01 1.572661e+00 2.551466e+00
9 4.02149 1.680080e-01 1.502986e+00 2.350497e+00
10 3.808 1.647712e-01 1.451755e+00 2.191476e+00
11 2.65931 1.289984e-01 1.110665e+00 1.419649e+00
12 3.1543 1.652748e-01 1.243247e+00 1.745780e+00
