1 30.3242 4.663292e-01 1.520679e+01 1.465107e+01
2 16.1884 2.594914e-01 8.198655e+00 7.730207e+00
3 10.7302 1.726770e-01 5.331753e+00 5.225768e+00
4 9.96599 1.459568e-01 4.510368e+00 5.309664e+00
5 6.87103 1.132608e-01 3.481567e+00 3.276202e+00
6 5.84447 9.287180e-02 2.878544e+00 2.873050e+00
7 5.10861 8.410240e-02 2.507571e+00 2.516932e+00
8 4.66071 7.169780e-02 2.231043e+00 2.357970e+00
9 4.15633 6.391820e-02 1.980437e+00 2.111979e+00
10 3.94538 5.960860e-02 1.834975e+00 2.050796e+00
11 3.64732 5.517280e-02 1.714745e+00 1.877405e+00
12 3.87208 5.672480e-02 1.725954e+00 2.089400e+00
