1 17.434 3.951426e-01 5.843211e+00 1.119561e+01
2 23.6155 2.578159e-01 4.575410e+00 1.878231e+01
3 17.9929 2.350266e-01 4.218174e+00 1.353971e+01
4 13.2895 1.967275e-01 3.281580e+00 9.811151e+00
5 10.841 1.774234e-01 2.727585e+00 7.935984e+00
6 14.344 1.813044e-01 2.450247e+00 1.171247e+01
7 12.5326 1.858744e-01 2.248365e+00 1.009836e+01
8 7.10079 1.932195e-01 2.175686e+00 4.731886e+00
9 6.58905 1.840032e-01 2.054417e+00 4.350629e+00
10 6.21579 1.986441e-01 2.105453e+00 3.911696e+00
11 11.5163 1.977565e-01 2.112375e+00 9.206201e+00
12 7.43306 1.966864e-01 2.130995e+00 5.105381e+00
