1 17.6227 4.000660e-01 5.866259e+00 1.135640e+01
2 19.879 2.579724e-01 4.578666e+00 1.504233e+01
3 13.6511 1.933946e-01 3.221266e+00 1.023642e+01
4 13.1166 1.640437e-01 2.557928e+00 1.039467e+01
5 8.74326 1.485927e-01 2.145858e+00 6.448807e+00
6 11.8395 1.406032e-01 1.890837e+00 9.808102e+00
7 14.1298 1.364444e-01 1.798711e+00 1.219461e+01
8 5.69923 1.449400e-01 1.736550e+00 3.817742e+00
9 5.21841 1.407642e-01 1.685098e+00 3.392547e+00
10 4.87497 1.428001e-01 1.655095e+00 3.077070e+00
11 7.26993 1.447673e-01 1.683295e+00 5.441868e+00
12 6.8199 1.470209e-01 1.713522e+00 4.959361e+00
