1 26.9101 4.243718e-01 1.191955e+01 1.456621e+01
2 13.7947 2.309468e-01 6.171948e+00 7.391775e+00
3 9.43489 1.569984e-01 4.153469e+00 5.124419e+00
4 7.35757 1.233330e-01 3.280064e+00 3.954172e+00
5 6.03669 1.064254e-01 2.686333e+00 3.243930e+00
6 5.13775 8.646100e-02 2.218371e+00 2.832914e+00
7 4.49721 7.182540e-02 1.948596e+00 2.476785e+00
8 4.06284 6.490680e-02 1.736603e+00 2.261331e+00
9 3.69236 5.808000e-02 1.567362e+00 2.066922e+00
10 3.44412 5.349120e-02 1.458254e+00 1.932371e+00
11 3.23631 5.134420e-02 1.415101e+00 1.769866e+00
12 3.05767 4.745080e-02 1.296898e+00 1.713324e+00
