1 26.5178 4.167166e-01 1.177792e+01 1.432320e+01
2 13.8001 2.134050e-01 6.162478e+00 7.424188e+00
3 9.64073 1.509112e-01 4.317423e+00 5.172397e+00
4 7.6641 1.191604e-01 3.420319e+00 4.124619e+00
5 6.35194 1.000894e-01 2.876855e+00 3.374993e+00
6 5.57135 8.531620e-02 2.502473e+00 2.983562e+00
7 5.18776 7.827440e-02 2.369251e+00 2.740232e+00
8 4.99584 7.663080e-02 2.292767e+00 2.626442e+00
9 4.81581 7.039320e-02 2.220461e+00 2.524958e+00
10 4.75156 6.906300e-02 2.188961e+00 2.493538e+00
11 4.69951 6.909280e-02 2.161779e+00 2.468635e+00
12 4.63268 6.905900e-02 2.123589e+00 2.440033e+00
