1 3.849260e-01 7.544236e+00 4.459441e+01
1 3.792544e-01 7.365839e+00 2.639415e+01
1 3.799079e-01 7.371374e+00 2.669822e+01
1 3.836993e-01 7.380812e+00 4.401306e+01
1 3.784260e-01 7.366269e+00 2.663446e+01
2 2.755732e-01 7.889474e+00 2.905327e+01
2 2.712822e-01 7.611154e+00 2.050789e+01
2 2.751423e-01 1.131855e+01 3.198174e+01
2 2.732120e-01 7.970663e+00 2.931481e+01
2 2.747014e-01 7.878899e+00 2.791682e+01
3 2.932586e-01 5.041457e+00 2.746582e+01
3 2.961006e-01 5.010213e+00 1.976595e+01
3 2.953218e-01 5.037776e+00 2.817526e+01
3 2.965325e-01 4.958917e+00 2.643033e+01
3 2.972404e-01 4.971829e+00 2.289574e+01
4 2.832949e-01 3.962642e+00 1.837690e+01
4 2.862508e-01 3.932806e+00 2.341390e+01
4 2.865519e-01 3.948643e+00 2.378500e+01
4 2.823042e-01 3.925750e+00 1.530404e+01
4 2.874814e-01 3.920688e+00 9.500025e+00
5 2.725311e-01 3.306715e+00 1.714734e+01
5 2.758208e-01 3.287625e+00 1.446105e+01
5 2.704441e-01 3.262385e+00 1.658603e+01
5 2.667031e-01 3.276458e+00 1.899870e+01
5 2.833217e-01 3.343534e+00 1.985833e+01
6 3.062398e-01 3.282405e+00 1.538822e+01
6 3.081186e-01 3.315416e+00 1.784270e+01
6 3.110987e-01 3.316178e+00 1.135532e+01
6 3.112107e-01 3.325983e+00 1.601072e+01
6 3.101751e-01 3.316291e+00 1.300732e+01
7 2.833450e-01 2.962338e+00 1.761662e+01
7 2.855645e-01 2.997626e+00 9.210839e+00
7 2.825624e-01 2.961910e+00 8.684361e+00
7 2.792221e-01 2.955975e+00 9.887431e+00
7 2.842072e-01 2.992545e+00 1.251720e+01
8 2.995774e-01 3.151292e+00 1.531739e+01
8 3.001300e-01 3.165017e+00 5.366765e+00
8 3.048444e-01 3.213989e+00 1.103859e+01
8 3.028528e-01 3.208063e+00 1.057173e+01
8 3.123127e-01 3.318354e+00 1.498183e+01
